0 29 41 208 99 158 63 176 161 130 83 186 253 64 44 71 51 83 23 216 268 241 123 231 55 258 40 42 215 145 105 197 
29 0 54 197 88 147 76 165 150 119 72 175 242 77 57 60 64 72 36 205 257 230 112 220 44 247 29 31 204 134 94 186 
41 54 0 233 124 183 44 201 186 155 108 211 278 45 25 96 32 108 32 241 293 266 148 256 80 283 65 67 240 170 130 222 
208 197 233 0 129 74 255 52 65 96 151 48 73 256 236 157 243 137 215 36 88 61 111 51 165 78 184 176 35 83 115 31 
99 88 124 129 0 79 146 97 82 51 42 107 174 147 127 48 134 28 106 137 189 162 44 152 56 179 75 67 136 66 26 118 
158 147 183 74 79 0 205 42 27 46 101 52 119 206 186 107 193 87 165 82 134 107 61 97 115 124 134 126 81 33 65 63 
63 76 44 255 146 205 0 223 208 177 130 233 300 27 33 118 24 130 54 263 315 288 170 278 102 305 87 89 262 192 152 244 
176 165 201 52 97 42 223 0 33 64 119 30 97 224 204 125 211 105 183 60 112 85 79 75 133 102 152 144 59 51 83 41 
161 150 186 65 82 27 208 33 0 49 104 43 110 209 189 110 196 90 168 73 125 98 64 88 118 115 137 129 72 36 68 54 
130 119 155 96 51 46 177 64 49 0 73 74 141 178 158 79 165 59 137 104 156 129 33 119 87 146 106 98 103 33 37 85 
83 72 108 151 42 101 130 119 104 73 0 129 196 131 111 32 118 26 90 159 211 184 66 174 40 201 59 51 158 88 48 140 
186 175 211 48 107 52 233 30 43 74 129 0 93 234 214 135 221 115 193 56 108 81 89 71 143 98 162 154 55 61 93 37 
253 242 278 73 174 119 300 97 110 141 196 93 0 301 281 202 288 182 260 67 41 32 156 40 210 31 229 221 54 128 160 76 
64 77 45 256 147 206 27 224 209 178 131 234 301 0 34 119 25 131 55 264 316 289 171 279 103 306 88 90 263 193 153 245 
44 57 25 236 127 186 33 204 189 158 111 214 281 34 0 99 21 111 35 244 296 269 151 259 83 286 68 70 243 173 133 225 
71 60 96 157 48 107 118 125 110 79 32 135 202 119 99 0 106 32 78 165 217 190 72 180 28 207 47 39 164 94 54 146 
51 64 32 243 134 193 24 211 196 165 118 221 288 25 21 106 0 118 42 251 303 276 158 266 90 293 75 77 250 180 140 232 
83 72 108 137 28 87 130 105 90 59 26 115 182 131 111 32 118 0 90 145 197 170 52 160 40 187 59 51 144 74 34 126 
23 36 32 215 106 165 54 183 168 137 90 193 260 55 35 78 42 90 0 223 275 248 130 238 62 265 47 49 222 152 112 204 
216 205 241 36 137 82 263 60 73 104 159 56 67 264 244 165 251 145 223 0 82 55 119 45 173 72 192 184 29 91 123 39 
268 257 293 88 189 134 315 112 125 156 211 108 41 316 296 217 303 197 275 82 0 47 171 55 225 20 244 236 69 143 175 91 
241 230 266 61 162 107 288 85 98 129 184 81 32 289 269 190 276 170 248 55 47 0 144 28 198 37 217 209 42 116 148 64 
123 112 148 111 44 61 170 79 64 33 66 89 156 171 151 72 158 52 130 119 171 144 0 134 80 161 99 91 118 48 30 100 
231 220 256 51 152 97 278 75 88 119 174 71 40 279 259 180 266 160 238 45 55 28 134 0 188 45 207 199 32 106 138 54 
55 44 80 165 56 115 102 133 118 87 40 143 210 103 83 28 90 40 62 173 225 198 80 188 0 215 31 23 172 102 62 154 
258 247 283 78 179 124 305 102 115 146 201 98 31 306 286 207 293 187 265 72 20 37 161 45 215 0 234 226 59 133 165 81 
40 29 65 184 75 134 87 152 137 106 59 162 229 88 68 47 75 59 47 192 244 217 99 207 31 234 0 18 191 121 81 173 
42 31 67 176 67 126 89 144 129 98 51 154 221 90 70 39 77 51 49 184 236 209 91 199 23 226 18 0 183 113 73 165 
215 204 240 35 136 81 262 59 72 103 158 55 54 263 243 164 250 144 222 29 69 42 118 32 172 59 191 183 0 90 122 38 
145 134 170 83 66 33 192 51 36 33 88 61 128 193 173 94 180 74 152 91 143 116 48 106 102 133 121 113 90 0 52 72 
105 94 130 115 26 65 152 83 68 37 48 93 160 153 133 54 140 34 112 123 175 148 30 138 62 165 81 73 122 52 0 104 
197 186 222 31 118 63 244 41 54 85 140 37 76 245 225 146 232 126 204 39 91 64 100 54 154 81 173 165 38 72 104 0 
